5 10 200
0 12 4 18 1 8 13 10 4 4
9 0 0 4 0 1 14 8 14 12
9 1 0 14 8 11 12 3 3 12
14 12 7 0 19 14 11 6 19 14
8 11 14 16 0 7 12 1 2 17
6 11 8 13 10 0 18 6 1 5
12 3 12 9 15 20 0 1 4 0
2 15 17 14 7 8 14 0 4 16
19 6 1 9 20 14 9 19 0 5
5 0 4 0 8 3 1 3 15 0
0 0 1 0 0 0 1 0 1 0 0 0 0 1 1 1 1 1 0 0 0 1 1 1 0 1 1 0 1 1 1 0 0 0 1 0 1 0 0 0 1 1 0 1 0 1 0 0 1 0 1 1 0 0 0 1 1 1 0 0 0 0 1 0 1 0 1 0 1 1 1 1 0 1 0 0 0 0 1 1 1 0 1 1 1 0 1 0 1 1 1 1 1 1 1 1 0 1 0 1 0 1 1 0 1 1 0 0 0 1 0 1 0 1 1 1 1 1 0 1 1 0 0 1 0 1 0 1 0 1 0 1 1 1 0 0 0 1 1 0 1 0 0 1 0 0 1 1 1 0 0 0 0 1 1 1 1 0 0 1 0 0 1 1 0 1 0 1 0 1 0 0 1 1 0 1 0 1 1 1 0 1 0 1 1 1 0 0 0 1 1 1 1 1 0 0 0 1 0 1
0 1 1 1 1 1 1 1 1 1 1 1 0 1 0 1 1 1 0 1 1 0 0 0 1 1 1 1 0 0 1 1 1 0 1 0 0 1 0 1 1 0 0 1 1 1 0 1 1 0 1 0 1 0 1 0 0 1 0 1 1 0 0 1 1 1 1 1 0 0 1 0 0 0 1 1 1 1 0 0 0 0 0 1 0 1 0 0 0 0 0 0 1 0 0 1 1 0 1 1 0 0 1 0 1 1 1 0 0 0 0 0 0 1 0 0 0 1 1 0 1 0 1 0 0 1 1 1 1 0 0 1 1 0 0 1 1 1 1 0 0 0 0 1 1 0 0 1 1 1 0 0 0 0 0 0 1 0 1 1 0 1 0 1 1 1 1 0 0 0 0 1 0 1 1 1 0 1 1 0 0 1 1 0 0 1 0 0 0 0 0 1 1 1 1 0 0 0 1 0
1 0 0 0 1 1 0 1 0 1 1 1 0 1 1 0 1 0 0 0 1 0 1 0 0 0 0 0 1 0 1 1 1 0 0 0 0 1 1 1 0 0 1 0 0 0 0 0 0 1 0 1 0 0 1 0 0 0 1 0 1 1 0 1 0 1 0 0 0 1 1 0 0 0 0 0 1 1 1 0 1 1 0 0 0 0 0 0 0 1 0 0 0 1 1 0 0 0 1 0 0 1 0 0 0 0 0 0 1 1 0 1 0 1 0 0 1 1 0 1 1 1 0 1 1 1 0 0 1 1 0 0 0 1 0 0 1 1 1 0 0 0 0 1 0 0 1 1 0 1 1 1 1 1 0 0 1 0 1 0 0 1 0 1 1 1 1 0 0 0 1 1 1 0 0 1 1 0 0 1 0 0 1 0 0 1 1 0 1 1 0 1 1 0 0 1 1 1 0 0
1 1 1 0 1 1 1 0 0 0 1 0 1 0 1 0 1 1 1 1 0 0 0 0 0 1 1 0 1 0 0 0 1 0 1 1 0 1 1 1 0 1 0 1 1 1 0 0 0 0 1 0 0 0 0 1 0 0 0 1 0 1 1 1 1 1 1 1 1 1 1 0 0 1 1 0 1 1 1 1 1 1 1 1 1 0 0 1 0 1 1 0 1 0 0 0 1 0 0 0 1 0 1 1 0 1 1 1 1 1 1 0 0 1 1 0 1 1 0 1 0 1 1 1 1 1 1 1 1 0 1 0 0 0 1 1 0 0 0 0 1 0 0 0 1 0 1 0 0 0 1 1 1 0 1 0 0 1 1 0 1 1 1 1 1 1 0 0 0 0 0 1 1 0 1 1 0 1 0 1 1 0 1 1 1 0 0 1 0 0 0 1 1 0 1 0 1 0 0 0
1 0 1 1 0 0 1 1 0 0 0 0 0 1 1 1 0 0 1 1 1 1 0 0 1 0 1 1 0 1 1 1 0 0 0 0 1 1 1 1 0 0 1 1 1 0 0 1 1 0 0 1 1 0 0 0 0 1 0 0 1 1 1 0 0 1 1 1 0 0 0 1 0 0 1 0 0 1 1 0 0 1 0 0 0 0 0 1 0 0 1 0 0 1 0 1 1 0 0 1 0 1 0 0 0 0 0 1 0 0 1 1 0 1 1 1 0 1 0 1 1 0 1 1 0 0 0 0 1 0 0 1 1 0 1 1 0 1 1 1 1 1 1 0 1 1 0 0 0 0 1 0 1 1 1 0 0 0 0 1 1 1 0 1 0 1 0 1 0 0 1 0 1 0 1 0 0 0 1 1 1 0 1 0 0 1 0 0 0 0 0 1 1 1 1 1 0 1 0 1
