10 20 2
0 15 11 15 5 15 12 18 20 8 13 4 12 20 20 6 1 9 14 8
4 0 14 11 14 9 18 6 1 11 18 18 10 15 16 17 1 2 11 17
11 17 0 3 10 10 0 14 2 16 19 12 7 6 11 6 9 8 17 0
5 14 18 0 16 9 9 11 10 12 15 1 16 3 5 13 3 11 11 16
18 16 20 4 0 0 0 13 1 1 1 2 0 14 15 6 4 12 15 11
6 16 5 0 8 0 9 13 15 1 18 15 3 18 0 11 12 12 11 15
15 13 8 1 0 2 0 10 1 20 16 9 9 17 3 12 9 3 6 2
11 5 3 17 13 11 19 0 6 9 6 10 2 9 0 5 1 18 20 2
6 2 16 18 20 0 16 7 0 15 13 2 14 19 12 12 17 8 10 11
7 12 9 10 17 18 7 0 6 0 18 9 3 15 12 2 20 11 4 18
6 0 6 13 12 7 9 15 3 8 0 14 7 17 2 11 2 15 13 7
4 19 16 2 0 6 9 14 10 13 20 0 18 5 10 17 14 2 12 0
1 16 9 0 7 10 12 15 11 7 4 12 0 1 5 19 9 9 2 7
19 13 18 8 0 17 19 7 6 20 4 2 9 0 17 20 5 20 8 19
13 15 2 13 15 2 19 17 7 20 17 11 6 7 0 2 1 20 11 1
18 19 10 20 0 3 5 2 20 15 7 7 12 9 5 0 0 13 4 11
16 7 20 15 1 1 6 19 9 14 11 8 20 16 0 20 0 12 16 0
20 19 15 1 5 1 19 3 19 1 15 17 9 3 2 14 5 0 0 5
1 18 1 11 17 15 11 16 7 18 3 7 11 2 1 16 5 12 0 12
6 2 5 6 14 9 5 17 11 13 15 17 3 14 9 4 5 18 0 0
1 1
1 1
1 1
1 1
1 1
1 1
1 1
1 1
1 1
1 1
